696222 0 0 0 1 0 0 0 
696223 0.00359034 -0.0128516 -0.000337531 1 -0.000366211 -0.000781631 0.000404861 
696224 0.013997 -0.0104993 0.0103677 0.999988 -0.00353583 -0.0033586 0.00105009 
696225 -0.0218162 -0.0140055 0.00216293 0.999933 0.00627209 0.00673713 0.00697939 
696226 -0.0359615 -0.00957615 0.0119361 0.999904 -0.00248676 0.0108793 0.00817324 
696227 -0.000300528 -0.0146633 0.00861762 0.999908 -0.00384667 -0 0.0130267 
696228 -0.0209199 -0.0140312 0.00461594 0.999865 -0.00012207 0.00623515 0.015203 
696229 0.0238472 -0.0205341 0.00736486 0.999904 -0.000244141 -0.00831871 0.0111265 
696230 -0.0341379 -0.019622 0.00706242 0.999965 0.00493895 0.000905298 0.00667938 
696231 -0.0465195 -0.0220695 0.0106577 0.999981 0.000781631 0.00536137 0.00294744 
696232 -0.136768 -0.0285936 0.0753519 0.999619 -0.00938275 0.0237282 -0.0105377 
696233 -0.0927573 -0.0346271 0.0908171 0.999905 -0.0117016 0.00586065 -0.00437925 
696234 -0.0998732 -0.0516084 0.202944 0.999513 -0.0173842 -0.011384 -0.0232841 
696235 0.0146219 -0.0549548 0.128495 0.999046 -0.00943817 -0.0403615 -0.0137311 
696236 0.0252122 -0.0526139 0.103588 0.999101 -0.00442999 -0.0409809 -0.0099403 
696237 -0.0612811 -0.0546823 0.10486 0.999579 -0.00560461 -0.0214511 -0.0187011 
696238 0.120997 -0.0596681 0.0425254 0.997674 -0.00625543 -0.0637756 -0.0232242 
696239 0.0420759 -0.061987 0.0375815 0.998834 -0.00634178 -0.0436222 -0.0196605 
696240 0.00572188 -0.0519204 -0.0036105 0.999216 -0.00113203 -0.0339965 -0.0202585 
696241 -0.0946711 -0.0589168 0.00189718 0.999701 0.000172634 -0.0135987 -0.0203422 
696242 -0.116067 -0.054534 -0.0043147 0.99984 -0.00128028 -0.0067548 -0.0164926 
696243 -0.00425233 -0.051441 -0.0100209 0.999512 0.000440131 -0.0303759 -0.00728648 
696244 -0.0987692 -0.0388874 -0.0112993 0.999966 0 -0.00318788 -0.00756344 
696245 -0.196382 -0.0294015 -0.00954358 0.999598 0.00161022 0.0275105 -0.00660986 
696246 -0.187355 -0.0289118 -0.0125673 0.999642 0.00180235 0.0261487 -0.00541805 
696247 -0.164467 -0.0287183 -0.00642567 0.999768 0.00100662 0.0213606 -0.00269662 
696248 -0.128335 -0.0418675 -0.000271592 0.999941 -0 0.0103436 0.00339391 
696249 -0.268716 -0.0319758 -0.0400471 0.997916 0.00780391 0.0619224 0.0163647 
696250 -0.254172 -0.0211781 -0.0811443 0.997744 0.0124392 0.0630223 0.0195022 
696251 -0.2568 0.00508441 -0.105413 0.997381 0.0223935 0.0673495 0.0139417 
696252 -0.320791 0.0246558 -0.119995 0.996266 0.0281154 0.0803644 0.0143145 
696253 -0.333861 0.0227105 -0.117132 0.995853 0.027634 0.0857143 0.0128945 
696254 -0.313262 0.0138614 -0.111648 0.995916 0.0234521 0.0854241 0.0174509 
696255 -0.323106 0.00391213 -0.0833684 0.995566 0.0175242 0.0899372 0.0212837 
696256 -0.337265 0.0149097 -0.114657 0.9953 0.0241502 0.091951 0.0184387 
696257 -0.393715 0.0249955 -0.143795 0.994825 0.0290201 0.0959998 0.0162711 
696258 -0.394922 0.0386809 -0.156144 0.994652 0.0336602 0.0961717 0.0169102 
696259 -0.425942 0.0438035 -0.167066 0.994219 0.0369288 0.0997589 0.0145893 
696260 -0.370377 0.0244898 -0.157457 0.995476 0.0302343 0.0871147 0.0229193 
696261 -0.288972 0.0119916 -0.140999 0.997408 0.0339731 0.0615555 0.0152876 
696262 -0.332425 0.0107898 -0.157244 0.996927 0.0358847 0.0687032 0.0113742 
696263 -0.317356 0.0134487 -0.155011 0.997111 0.0366176 0.0655718 0.0113702 
696264 -0.286561 0.0184406 -0.172895 0.997569 0.038073 0.0574281 0.0104147 
696265 -0.284885 0.0204122 -0.166999 0.997452 0.0386759 0.0592677 0.00903733 
696266 -0.354242 0.0310358 -0.171176 0.996049 0.0383361 0.0796081 0.00886082 
696267 -0.324578 0.0242509 -0.186528 0.996639 0.037607 0.0717505 0.0122058 
696268 -0.331037 0.031103 -0.205873 0.995986 0.0421929 0.0763579 0.0200497 
696269 -0.317222 0.0366134 -0.227551 0.995944 0.0467931 0.0737053 0.0217388 
696270 -0.297182 0.0300858 -0.247146 0.996411 0.0467096 0.0651122 0.0272592 
696271 -0.291398 0.0336376 -0.257692 0.995902 0.0515349 0.0702914 0.0241218 
696272 -0.31998 0.0316527 -0.250725 0.995377 0.0512576 0.0780162 0.0225903 
696273 -0.375026 0.0340619 -0.235132 0.993311 0.0549432 0.0990494 0.0224224 
696274 -0.367189 0.017192 -0.200732 0.994285 0.046221 0.0945798 0.0177783 
696275 -0.349603 0.00651286 -0.178793 0.994874 0.0409456 0.0902669 0.0200169 
696276 -0.302839 0.0210252 -0.226901 0.995304 0.0497364 0.0768475 0.0314683 
696277 -0.314703 0.0337475 -0.261165 0.993978 0.058559 0.0831822 0.0407349 
696278 -0.153137 0.0493417 -0.312693 0.996378 0.06603 0.041586 0.0337928 
696279 -0.2189 0.0470055 -0.299852 0.995556 0.0663258 0.0580415 0.0331816 
696280 -0.263731 0.0348972 -0.260828 0.995236 0.0603479 0.0707081 0.0293779 
696281 -0.290638 0.0443607 -0.268348 0.994954 0.0617842 0.075488 0.0234543 
696282 -0.281636 0.0371766 -0.25271 0.995138 0.0590934 0.0743187 0.0261837 
696283 -0.25274 0.0315767 -0.235492 0.995726 0.0559289 0.0686442 0.0262576 
696284 -0.276865 0.036207 -0.236111 0.995269 0.0575669 0.0743677 0.0243848 
696285 -0.251153 0.0313485 -0.244189 0.99544 0.0577431 0.0694284 0.0307292 
696286 -0.236128 0.0516349 -0.30132 0.995303 0.0668529 0.0636414 0.0292123 
696287 -0.284368 0.0755124 -0.309567 0.993944 0.0745621 0.0768845 0.0245819 
696288 -0.31692 0.0902258 -0.310328 0.992693 0.079117 0.0857017 0.0309327 
696289 -0.375275 0.0477014 -0.233489 0.992131 0.0648413 0.101806 0.0332621 
696290 -0.383622 0.0435696 -0.224279 0.99227 0.0620259 0.103262 0.0298339 
696291 -0.475148 0.0656395 -0.211441 0.991481 0.0582327 0.116507 0.000172634 
696292 -0.483447 0.0609243 -0.202764 0.991723 0.0607735 0.1131 -0.0011386 
696293 -0.42092 0.0643043 -0.260506 0.992921 0.0693502 0.0962646 0.00570083 
696294 -0.376884 0.0735267 -0.288285 0.993981 0.0728253 0.0815031 0.00749019 
696295 -0.389238 0.0746074 -0.283631 0.992293 0.0825893 0.0885552 0.0262865 
696296 -0.366982 0.0756755 -0.30219 0.992243 0.0853597 0.0846881 0.0315409 
696297 -0.330754 0.0752523 -0.305635 0.99294 0.0848289 0.0790388 0.0250435 
696298 -0.359977 0.0647403 -0.284807 0.992352 0.0843058 0.0855635 0.0284246 
696299 -0.369191 0.0389825 -0.233861 0.99281 0.0735282 0.0884819 0.0330655 
696300 -0.368175 0.0318387 -0.223804 0.993196 0.0717049 0.0859462 0.0321495 
696301 -0.377816 0.00603848 -0.214595 0.992499 0.0749713 0.0857497 0.0443985 
696302 -0.405393 0.010863 -0.241405 0.989617 0.0878318 0.0973841 0.0588212 
696303 -0.484093 0.019474 -0.220389 0.987692 0.0917331 0.115989 0.050952 
696304 -0.40322 0.0336101 -0.226303 0.991039 0.0928178 0.0887267 0.0367878 
696305 -0.413989 0.0207236 -0.188694 0.990878 0.0881897 0.0961378 0.0337839 
696306 -0.375818 0.0140504 -0.170743 0.992784 0.0826901 0.0819194 0.0288432 
696307 -0.332459 0.012872 -0.167447 0.993531 0.079611 0.0733327 0.0343567 
696308 -0.212573 0.0119533 -0.181635 0.99637 0.0784133 0.0294741 0.0151643 
696309 -0.233512 0.0143255 -0.223461 0.995078 0.0876109 0.0377122 0.0268738 
696310 -0.301024 0.0184028 -0.215872 0.993887 0.0934413 0.0517808 0.0278703 
696311 -0.307332 0.00773402 -0.142418 0.994971 0.0823745 0.0547345 0.0158532 
696312 -0.125363 -0.00316951 -0.139346 0.997781 0.0661085 -0.00515882 -0.00605818 
696313 -0.118506 -0.0120639 -0.111688 0.998027 0.0619069 -0.00889858 -0.00556592 
696314 -0.0771237 -0.0174994 -0.0915298 0.998046 0.060174 -0.0164723 -0.00338731 
696315 -0.0278657 -0.0210739 -0.111005 0.997862 0.0595634 -0.0264555 -0.00481056 
696316 -0.050078 -0.0102888 -0.139431 0.997443 0.0664369 -0.0231474 -0.0126005 
696317 -0.0671609 0.00709415 -0.152654 0.997053 0.0723627 -0.0192848 -0.0166446 
696318 0.0512413 -0.0221314 -0.108509 0.996689 0.0521826 -0.0511384 -0.0356736 
696319 0.167459 -0.0517747 -0.0552652 0.995188 0.044507 -0.0757224 -0.0434248 
696320 0.236449 -0.062995 -0.0165824 0.993658 0.0415878 -0.095006 -0.0434555 
696321 0.305669 -0.0615236 0.000328586 0.991716 0.0452203 -0.113196 -0.0405194 
696322 0.354365 -0.0609707 0.00402734 0.990109 0.0427886 -0.126896 -0.0418432 
696323 0.286031 -0.0475955 -0.0664182 0.992722 0.0402255 -0.108233 -0.0342172 
696324 0.23283 -0.0319067 -0.105414 0.993748 0.045305 -0.0976157 -0.0297205 
696325 0.209795 -0.0632919 -0.032488 0.994507 0.031968 -0.0935293 -0.0344316 
696326 0.139876 -0.0779868 0.0185889 0.99485 0.0228676 -0.092971 -0.0332744 
696327 0.212083 -0.0858177 0.0511127 0.993246 0.0208662 -0.109453 -0.0323684 
696328 0.163938 -0.075256 0.0304024 0.995103 0.0234972 -0.0925604 -0.0255203 
696329 0.194073 -0.0489526 -0.0400897 0.995734 0.0381748 -0.0837156 -0.00699432 
696330 0.196279 -0.018967 -0.107821 0.995871 0.0526488 -0.0737421 -0.0056086 
696331 0.0633138 -0.0189721 -0.106584 0.996997 0.0572711 -0.052012 0.00349769 
696332 -0.0105262 -0.000808576 -0.142577 0.997324 0.0638014 -0.0351145 -0.00640026 
696333 0.0137282 -0.010069 -0.127249 0.997531 0.0587204 -0.0369022 -0.0110323 
696334 -0.0448813 0.0108834 -0.172683 0.997455 0.0702783 -0.0111899 0.00433307 
696335 0.00669637 0.0175282 -0.189416 0.996935 0.0714782 -0.0317819 0.000921611 
696336 0.0513595 0.0106181 -0.175793 0.99682 0.0688353 -0.0399302 0.00407247 
696337 -0.135226 0.030895 -0.226547 0.995693 0.0856356 0.0156583 0.0318991 
696338 -0.184915 0.004757 -0.141602 0.997273 0.0645193 0.0303666 0.0189944 
696339 -0.119905 0.0106625 -0.153873 0.997738 0.0655269 0.0146982 0.00288355 
696340 -0.0666285 0.0172525 -0.17669 0.997315 0.0729997 -0.0031832 0.0048183 
696341 0.00916059 0.0170092 -0.163369 0.997189 0.0720979 -0.0174039 0.0106789 
696342 -0.00475706 0.00814414 -0.152849 0.997204 0.072621 -0.0127053 0.0121948 
696343 0.0159109 0.00823416 -0.164221 0.996871 0.0756023 -0.0118219 0.019842 
696344 0.0287371 0.0119068 -0.176357 0.996609 0.0780403 -0.0155447 0.0209456 
696345 -0.00734122 0.022607 -0.186908 0.99655 0.0794692 -0.00653048 0.0230338 
696346 -0.0136528 0.0161381 -0.169731 0.997657 0.0660642 -0.0177632 0.000559397 
696347 -0.0312837 0.0173688 -0.17386 0.997343 0.0697728 -0.0203253 -0.00504935 
696348 -0.0176608 0.0165098 -0.161232 0.997522 0.068052 -0.0171794 0.0049314 
696349 -0.0348192 0.0143187 -0.166501 0.997574 0.0677478 -0.0146728 0.00640491 
696350 -0.0546435 0.0181325 -0.18531 0.997244 0.0731269 -0.0122813 -0.00233215 
696351 0.00720867 0.00494991 -0.171231 0.997098 0.0705071 -0.0287063 0.00102131 
696352 -0.0481725 0.00908128 -0.172818 0.99661 0.0813643 -0.00998069 0.00693763 
696353 -0.0531734 -0.022855 -0.092119 0.997523 0.0659247 -0.0236445 -0.0065997 
696354 -0.0483526 -0.0060883 -0.111465 0.997022 0.0639362 -0.0364068 -0.0231168 
696355 -0.0423308 -0.016662 -0.0908704 0.997298 0.0608819 -0.0378516 -0.0160549 
696356 0.00164879 -0.0106358 -0.11213 0.996652 0.0650897 -0.0472256 -0.0147781 
696357 -0.0269221 0.00632737 -0.152028 0.996738 0.0729053 -0.0331686 -0.0099238 
696358 -0.231822 0.0200411 -0.184543 0.99516 0.0845837 0.0391612 0.0311342 
696359 -0.230669 0.0219663 -0.196263 0.994917 0.0833649 0.0411569 0.0386955 
696360 -0.274557 0.0277758 -0.18374 0.994427 0.0843723 0.0520116 0.035937 
696361 -0.19585 0.0425037 -0.180784 0.996447 0.0773 0.0308751 0.0128377 
696362 -0.098785 0.0454174 -0.186178 0.997219 0.0733622 0.0123013 0.00448183 
696363 -0.262618 0.0520741 -0.220087 0.996012 0.0754506 0.0476066 -0.000711786 
696364 -0.318729 0.0591552 -0.235164 0.993812 0.0835911 0.071299 0.0163155 
696365 -0.340497 0.0740865 -0.262199 0.99262 0.0920537 0.0771337 0.0167908 
696366 -0.439016 0.103797 -0.291808 0.986399 0.11639 0.110335 0.0360165 
696367 -0.447066 0.0910054 -0.277542 0.985196 0.120627 0.113564 0.0440596 
696368 -0.499202 0.129057 -0.31049 0.981895 0.134595 0.125067 0.0460925 
696369 -0.516834 0.131862 -0.296993 0.98232 0.130936 0.126942 0.0423001 
696370 -0.495509 0.116905 -0.282286 0.982623 0.127516 0.126967 0.0455059 
696371 -0.470288 0.105552 -0.277237 0.983617 0.1238 0.121579 0.0488771 
696372 -0.469973 0.0824245 -0.227094 0.985084 0.118337 0.119368 0.0368301 
696373 -0.460078 0.0997538 -0.275456 0.986395 0.121996 0.102704 0.0399181 
696374 -0.427958 0.0654151 -0.241537 0.987731 0.122208 0.0902752 0.0360926 
696375 -0.406742 0.0511254 -0.228036 0.990076 0.1103 0.0841432 0.022441 
696376 -0.491468 0.0515955 -0.207387 0.986533 0.11273 0.113755 0.0332334 
696377 -0.347305 0.0438763 -0.208159 0.993708 0.0952676 0.0581686 0.0092258 
696378 -0.295506 0.016279 -0.159415 0.996439 0.0727707 0.0424289 0.00376048 
696379 -0.266447 -0.028756 -0.0485086 0.998074 0.0501641 0.036457 0.00179821 
696381 -0.169396 -0.0111129 -0.115573 0.998041 0.0608995 0.0139929 0.00306151 
696382 -0.189985 0.0174658 -0.191397 0.996205 0.0769262 0.0282328 0.0293383 
696383 -0.424975 0.0148025 -0.169034 0.993799 0.0727452 0.0806861 0.0236832 
696384 -0.556324 0.0513352 -0.208432 0.988849 0.101129 0.104087 0.0334027 
696385 -0.491885 0.0522752 -0.211401 0.991277 0.0997007 0.0824126 0.0252379 
696386 -0.4274 0.0298377 -0.188435 0.992618 0.0929728 0.0728191 0.0276114 
696387 -0.380307 0.0147583 -0.160469 0.992022 0.0881485 0.0800659 0.0413777 
696388 -0.346374 0.022222 -0.17154 0.993524 0.088185 0.0656189 0.0287809 
696389 -0.351989 0.0263556 -0.199932 0.992417 0.0936935 0.0713688 0.0351584 
696390 -0.415365 0.0331939 -0.232277 0.988329 0.108509 0.0902105 0.0573859 
696391 -0.503056 0.0319455 -0.185939 0.988597 0.104604 0.101776 0.0370989 
696392 -0.489134 0.0212339 -0.167654 0.989726 0.0961078 0.0974432 0.041359 
696393 -0.388342 0.00715665 -0.147211 0.994469 0.0781978 0.0630658 0.0306603 
696394 -0.344243 -0.00213022 -0.12484 0.995341 0.0718253 0.0567917 0.0302069 
696395 -0.216326 -0.0273927 -0.0775367 0.997152 0.0615656 0.0271836 0.0340257 
696396 -0.227825 -0.0304435 -0.065488 0.997697 0.0579802 0.0182682 0.0300848 
696397 -0.320299 -0.0229813 -0.0804842 0.997072 0.0604101 0.0384248 0.0268824 
696398 -0.270637 -0.029003 -0.0854786 0.998103 0.0557779 0.0166906 0.020011 
696399 -0.261417 -0.0324023 -0.0800345 0.998297 0.0543519 0.0126282 0.0170414 
696400 -0.160761 -0.0427448 -0.0700728 0.99837 0.0520894 -0.0108478 0.0206411 
696401 -0.172332 -0.0358424 -0.0826413 0.997914 0.0566692 -0.0178152 0.02527 
696402 -0.188823 -0.0392848 -0.0511126 0.997734 0.0597681 0.00454784 0.0305727 
696403 -0.112686 -0.0220749 -0.0779463 0.998098 0.0532054 -0.0262661 0.0167517 
696404 -0.159894 -0.0414161 -0.0333036 0.998606 0.0480352 -0.00800469 0.0203733 
696405 -0.0581908 -0.0488855 -0.00127431 0.998629 0.0454074 -0.0240013 0.0101186 
696406 -0.079499 -0.0510897 0.00728269 0.998792 0.0442866 -0.0191907 0.00918047 
696407 -0.169636 -0.0525094 0.0253541 0.999246 0.0375784 -0.0035062 0.00907599 
696408 -0.107541 -0.0547035 0.0285904 0.999227 0.0368907 -0.0104225 0.00875849 
696409 -0.00296199 -0.047599 0.0160932 0.998897 0.0354782 -0.0305225 0.00368037 
696410 -0.00536144 -0.0562126 0.029553 0.998662 0.0328498 -0.0399329 0.00105009 
696411 -0.048962 -0.0581856 0.0669565 0.999052 0.0288001 -0.0318444 0.00719904 
696412 -0.0375414 -0.0588249 0.0787929 0.998933 0.0282334 -0.0355277 0.0085362 
696413 -0.0262688 -0.0502908 0.0648163 0.998869 0.0281186 -0.0377665 0.0066671 
696414 0.122345 -0.0274339 0.0120125 0.997127 0.0307152 -0.0687537 0.00814676 
696415 0.18508 -0.0223241 0.0182858 0.996597 0.0322048 -0.0752468 0.00980446 
696416 0.178061 -0.0245922 0.026364 0.996657 0.0327317 -0.0728849 0.0170615 
696417 0.22565 -0.0198991 0.0350384 0.996248 0.0387456 -0.0747833 0.0199274 
696418 0.310651 -0.0219008 0.0527127 0.994704 0.0374253 -0.0949272 0.0123532 
696419 0.486456 -0.00531252 0.075378 0.987555 0.0446557 -0.150797 -0.00059802 
696420 0.306269 -0.0130811 0.0255829 0.993952 0.0442823 -0.100239 0.00708639 
696421 0.368278 0.0145286 0.000608146 0.992194 0.053747 -0.111782 0.0129481 
696422 0.44388 0.0124333 0.0106778 0.989335 0.0534474 -0.135305 -0.00728137 
696423 0.422251 -0.00407505 0.0166755 0.989999 0.0477738 -0.131994 -0.0140211 
696424 0.437946 -0.010645 0.0610883 0.989336 0.0431775 -0.138936 -0.00685661 
696425 0.306146 -0.0139017 0.0264693 0.992541 0.0482151 -0.111941 -0.00245358 
696426 0.336441 -0.0148077 0.0350156 0.993646 0.0468273 -0.102346 0.000913491 
696427 0.340719 -0.029292 0.0678896 0.994023 0.0381481 -0.102287 -0.000472776 
696431 0.340719 -0.029292 0.0678896 0.994023 0.0381481 -0.102287 -0.000472776 
